# cosmomc_theta logA ns omegabh2 omegach2 tau A_planck cal100A cal100B cal143B cal217A cal217B AdustP beta_dustP
3.418416339521135890e-11 5.664888084117257580e-09 1.846563154229860660e-08 1.077639962751662051e-09 -5.866110800747873811e-09 5.352625224301683457e-09 5.137253299196091711e-11 -1.415589754860488456e-09 -2.940772332199829772e-10 -1.250306184960323725e-09 -2.584173441564640874e-09 5.503795257593624207e-10 5.820757110864913921e-09 -4.595913475458720841e-09
5.664888084117257580e-09 1.493986644427635051e-03 4.876721783727179657e-05 8.548860423471398942e-06 -1.873478793582126169e-05 5.857255277396278026e-05 1.339126146655444298e-05 -6.830443748146389086e-04 -5.518323077701364548e-04 -1.217445222943803768e-03 -6.800698181702459055e-04 -5.400825338864465508e-04 6.283211145034155827e-04 -3.587118230481911802e-05
1.846563154229860660e-08 4.876721783727179657e-05 1.147937281759538305e-04 3.702866765205608547e-06 -2.456072263941411676e-05 1.974531832174545288e-05 3.515849231159437690e-07 -1.041598676736386741e-05 -1.601710621668813044e-05 -3.422811146374257844e-05 -3.454105251985247404e-05 -1.269639308164196870e-05 1.039301054933909895e-04 -1.966161076784595014e-05
1.077639962751662051e-09 8.548860423471398942e-06 3.702866765205608547e-06 6.254994606585595760e-07 -2.178557775881613514e-06 1.239873863513468549e-06 8.791577168027469335e-08 -2.400123447003168047e-06 -1.185951945553634091e-06 -3.509637352450908039e-06 -2.314278042442566442e-06 -1.356391489122390106e-06 1.620703017615543329e-06 -5.709095950884640232e-08
-5.866110800747873811e-09 -1.873478793582126169e-05 -2.456072263941411676e-05 -2.178557775881613514e-06 1.160333262822253475e-05 -6.429644587808992999e-06 -3.501390259244735640e-07 1.201815575213592759e-05 4.176826587494645179e-07 1.225896389747205450e-05 8.677353938758178040e-06 4.738660748777576632e-06 -1.748386033602579778e-05 3.320211164412881383e-06
5.352625224301683457e-09 5.857255277396278026e-05 1.974531832174545288e-05 1.239873863513468549e-06 -6.429644587808992999e-06 4.305163504042641806e-05 2.373614925836842250e-07 1.033595934485965938e-05 1.470543352426481374e-05 2.388498896102414054e-05 8.613518103248612548e-06 1.403361940287848461e-05 -3.159996521806857969e-06 -2.507680541745575099e-06
5.137253299196091711e-11 1.339126146655444298e-05 3.515849231159437690e-07 8.791577168027469335e-08 -3.501390259244735640e-07 2.373614925836842250e-07 6.169389657101074565e-06 5.285429237680425278e-07 -8.104440370312384456e-07 -2.714123969539319223e-07 -7.127906283440904792e-07 6.027310500970525538e-07 5.414323317313433287e-06 -8.836364681614660153e-07
-1.415589754860488456e-09 -6.830443748146389086e-04 -1.041598676736386741e-05 -2.400123447003168047e-06 1.201815575213592759e-05 1.033595934485965938e-05 5.285429237680425278e-07 1.118584119008081109e-03 -3.242328996450603612e-04 6.908093746541794445e-04 3.627390823131707086e-04 3.239402352613117257e-04 -3.800477052406134142e-04 1.859972167859159074e-05
-2.940772332199812711e-10 -5.518323077701364548e-04 -1.601710621668812366e-05 -1.185951945553634091e-06 4.176826587494658944e-07 1.470543352426481883e-05 -8.104440370312375985e-07 -3.242328996450603612e-04 8.020732727666393972e-04 5.274249639057872977e-04 3.043333837969431754e-04 2.272855548232353181e-04 -2.527179081743497553e-04 2.327122022560207531e-05
-1.250306184960325172e-09 -1.217445222943803768e-03 -3.422811146374256489e-05 -3.509637352450908886e-06 1.225896389747205789e-05 2.388498896102414393e-05 -2.714123969539324517e-07 6.908093746541793360e-04 5.274249639057872977e-04 1.212860139930346890e-03 6.545305825436199603e-04 5.458880496003059744e-04 -6.501942366457218875e-04 4.023104322970060285e-05
-2.584173441564638806e-09 -6.800698181702459055e-04 -3.454105251985248082e-05 -2.314278042442566866e-06 8.677353938758176346e-06 8.613518103248610854e-06 -7.127906283440889969e-07 3.627390823131707086e-04 3.043333837969431754e-04 6.545305825436199603e-04 1.093989057136256953e-03 -4.173777428943265932e-04 -3.582283560589502136e-04 2.340413960021037055e-05
5.503795257593605595e-10 -5.400825338864466592e-04 -1.269639308164196362e-05 -1.356391489122390106e-06 4.738660748777576632e-06 1.403361940287848631e-05 6.027310500970528715e-07 3.239402352613116715e-04 2.272855548232353181e-04 5.458880496003059744e-04 -4.173777428943265932e-04 9.748799449443258051e-04 -3.282653653346613424e-04 8.557013407177719810e-06
5.820757110864913921e-09 6.283211145034155827e-04 1.039301054933910301e-04 1.620703017615543541e-06 -1.748386033602580117e-05 -3.159996521806859239e-06 5.414323317313434981e-06 -3.800477052406133600e-04 -2.527179081743497553e-04 -6.501942366457218875e-04 -3.582283560589502136e-04 -3.282653653346613424e-04 1.238760454713978484e-03 3.240083278356831122e-04
-4.595913475458720841e-09 -3.587118230481911802e-05 -1.966161076784595014e-05 -5.709095950884645526e-08 3.320211164412881383e-06 -2.507680541745575523e-06 -8.836364681614660153e-07 1.859972167859159751e-05 2.327122022560207531e-05 4.023104322970060285e-05 2.340413960021037055e-05 8.557013407177719810e-06 3.240083278356831122e-04 3.626326083814877051e-04
