# cosmomc_theta logA ns omegabh2 omegach2 tau A_planck cal100A cal100B cal143B cal217A cal217B Aradio Adusty AdustT beta_dustT Acib beta_cib Atsz Aksz xi
2.243611669065060335e-11 1.153878875167999881e-07 1.955215109859311683e-08 6.273961932158078473e-10 -6.201090946510654008e-09 6.391731542462373795e-08 1.393305149451951149e-10 3.525853042896257602e-10 -5.105078266372415410e-10 -2.064701607173934801e-10 -3.157574447556584424e-10 1.718581526729218015e-10 -7.686030427641136732e-07 9.583650406127687856e-08 4.862438184655511631e-09 5.913387290461402702e-10 -8.959583048966500454e-08 -1.238457255527726296e-09 3.447089628590646674e-08 -2.547798251320377605e-06 5.155226430429634354e-08
1.153878875167999881e-07 3.577386694438949161e-03 2.675695331180557766e-04 8.333050812287868988e-06 -7.811508916747755338e-05 1.865836997647426750e-03 4.371516340529838560e-06 -3.573309183723054549e-06 -8.258981663786286404e-06 -1.198159805017258392e-05 -6.788351140286587974e-06 -2.620024998931904540e-06 -4.100185167607178251e-03 2.403340442258083791e-03 6.737168563863579448e-05 2.756828821144273913e-07 -1.711725286873899297e-03 -1.006962458161190362e-05 -1.022113036915011253e-03 -6.699551997405855941e-02 1.177520241217199686e-03
1.955215109859311683e-08 2.675695331180557766e-04 5.092975143231629972e-05 1.175526393783243038e-06 -1.490639181149454205e-05 1.507333217364248911e-04 3.264134353951429236e-07 3.509240620670233211e-07 -1.733768983575675629e-06 -1.611987207535756442e-06 -8.008068713535181612e-07 -1.122286515294167062e-06 -8.066669384959088531e-04 4.916725052788723091e-04 2.333585347026709113e-05 6.596202993093234613e-07 -3.182908150606702591e-04 -8.213079041088184465e-06 -3.142765790953354842e-04 -9.418241119228181954e-03 1.630670598566604022e-04
6.273961932158078473e-10 8.333050812287868988e-06 1.175526393783243038e-06 5.883704762340111952e-08 -3.783555069291404678e-07 4.517528318358293210e-06 1.409124096908847655e-08 2.484972515838683890e-08 -6.251552096751100403e-08 -4.184266931586621254e-08 -2.428990571897673011e-08 -9.399108168344793953e-09 -7.443480466252736384e-05 9.915574683238272217e-06 3.819196970714482158e-07 2.339894297792788475e-08 -8.326796991604925772e-06 -1.671509777696051179e-07 5.519745413320724950e-06 -2.834983873013155594e-04 5.367790832022333161e-06
-6.201090946510654008e-09 -7.811508916747755338e-05 -1.490639181149454205e-05 -3.783555069291404678e-07 5.669593276137246932e-06 -4.533577520477190107e-05 -1.403071442704858963e-07 9.642322115730686628e-08 4.397919489229655020e-07 5.520927236818045003e-07 1.237127637721641067e-07 3.455195182404497688e-07 3.759932044308692900e-04 -6.676275946456450175e-05 -1.952015011382122860e-06 -3.241288469646641853e-08 5.467138161373444007e-05 1.606020519380430827e-06 3.404568992556168509e-05 1.702212496931025448e-03 -5.378658232756856081e-05
6.391731542462373795e-08 1.865836997647426750e-03 1.507333217364248911e-04 4.517528318358293210e-06 -4.533577520477190107e-05 9.949413319918227593e-04 -3.675595829745926458e-06 7.838416374528436422e-06 5.074748059832056389e-06 1.277598991873257276e-05 5.981418254032680610e-06 8.042328798491870046e-06 -4.402588615541252332e-03 1.027424678574883872e-03 1.915889849199827597e-05 -3.121815601642488747e-07 -9.137847883279730547e-04 -1.329744395356755912e-05 -7.981801080273924834e-04 -3.457312663727014901e-02 6.447717543967186344e-04
1.393305149451951149e-10 4.371516340529838560e-06 3.264134353951429236e-07 1.409124096908847655e-08 -1.403071442704858963e-07 -3.675595829745926458e-06 6.215164196748527618e-06 2.947053220507884075e-07 9.979702963279552725e-08 3.941510570930559281e-07 2.060893713681092518e-07 2.179633224135173632e-07 7.119948443634761381e-04 7.668278600744951124e-05 6.856824057295500637e-06 7.492505086152830178e-08 4.928470478236411309e-07 1.095581567416433042e-06 9.303954317718015656e-05 -1.116923801480934313e-05 3.287436739317369307e-06
3.525853042896257602e-10 -3.573309183723054549e-06 3.509240620670233211e-07 2.484972515838683890e-08 9.642322115730686628e-08 7.838416374528436422e-06 2.947053220507884075e-07 4.449095991381180434e-05 -2.486920033817603971e-05 1.919745307186233472e-05 9.505290637759501507e-06 1.009207052090361825e-05 -6.327290855922011389e-03 1.790241818501239475e-05 -9.330551828427568079e-06 4.779495776995318631e-07 -9.808831303379694961e-05 2.204941841067459720e-06 1.421821903106363760e-03 4.005385757066827175e-04 -1.980081285707711142e-04
-5.105078266372415410e-10 -8.258981663786286404e-06 -1.733768983575675629e-06 -6.251552096751100403e-08 4.397919489229655020e-07 5.074748059832056389e-06 9.979702963279552725e-08 -2.486920033817603971e-05 4.536041133172033881e-05 2.066238662922116140e-05 9.997304375188559137e-06 9.632326394029132755e-06 4.589830541002357100e-03 -3.078154455478236988e-04 -4.193240871892654634e-06 -9.621289364982482898e-07 9.092482650223396106e-05 -1.434443087728888093e-05 -2.092850425371898127e-03 -1.278754925739176941e-04 2.064804935980534776e-04
-2.064701607173934801e-10 -1.198159805017258392e-05 -1.611987207535756442e-06 -4.184266931586621254e-08 5.520927236818045003e-07 1.277598991873257276e-05 3.941510570930559281e-07 1.919745307186233472e-05 2.066238662922116140e-05 3.987306244903883554e-05 1.973476344563201087e-05 1.987373716873563808e-05 -1.383585397126049820e-03 -2.883418086165401100e-04 -2.060880303486916141e-05 -1.512355025034109888e-07 2.370741992799157847e-05 -1.007219037296084719e-05 -5.435162306761178201e-04 1.676358939992178521e-04 -1.586565813029554582e-05
-3.157574447556584424e-10 -6.788351140286587974e-06 -8.008068713535181612e-07 -2.428990571897673011e-08 1.237127637721641067e-07 5.981418254032680610e-06 2.060893713681092518e-07 9.505290637759501507e-06 9.997304375188559137e-06 1.973476344563201087e-05 6.529608465560523189e-05 -4.442395917117806202e-05 -1.752356645024038140e-03 7.318047932461768358e-06 -2.742168402857591512e-05 1.157416738760293435e-07 2.117637419519068735e-06 -4.486455152799761836e-06 4.873086347563250205e-04 8.647560745812815251e-05 -3.720340155362705624e-05
1.718581526729218015e-10 -2.620024998931904540e-06 -1.122286515294167062e-06 -9.399108168344793953e-09 3.455195182404497688e-07 8.042328798491870046e-06 2.179633224135173632e-07 1.009207052090361825e-05 9.632326394029132755e-06 1.987373716873563808e-05 -4.442395917117806202e-05 6.528224791625417893e-05 -1.556783844856371880e-03 -9.191446480679785276e-06 -1.857611002524934125e-05 -2.260244347194787311e-07 -2.340818249545137148e-05 -1.081654680632611390e-05 2.601469364369419319e-04 3.085073846648643797e-04 -5.078838136143762322e-05
-7.686030427641136732e-07 -4.100185167607178251e-03 -8.066669384959088531e-04 -7.443480466252736384e-05 3.759932044308692900e-04 -4.402588615541252332e-03 7.119948443634761381e-04 -6.327290855922011389e-03 4.589830541002357100e-03 -1.383585397126049820e-03 -1.752356645024038140e-03 -1.556783844856371880e-03 2.237260998168651582e+01 -9.161960473334862520e-01 -3.075256578839512950e-03 1.209408198903076659e-03 3.934587452140897446e-01 3.653597134272758978e-02 -5.593231678040405441e+00 -2.272591557012007879e+00 4.929948728646149081e-01
9.583650406127687856e-08 2.403340442258083791e-03 4.916725052788723091e-04 9.915574683238272217e-06 -6.676275946456450175e-05 1.027424678574883872e-03 7.668278600744951124e-05 1.790241818501239475e-05 -3.078154455478236988e-04 -2.883418086165401100e-04 7.318047932461768358e-06 -9.191446480679785276e-06 -9.161960473334862520e-01 4.021536999838045690e-01 6.456671295566872824e-03 1.056639767809354946e-04 -1.268689794380387370e-01 -2.332623404815383633e-02 4.800049886328037752e-01 -5.562107055719339721e-01 -1.136088009866633927e-02
4.862438184655511631e-09 6.737168563863579448e-05 2.333585347026709113e-05 3.819196970714482158e-07 -1.952015011382122860e-06 1.915889849199827935e-05 6.856824057295500637e-06 -9.330551828427568079e-06 -4.193240871892654634e-06 -2.060880303486916141e-05 -2.742168402857591512e-05 -1.857611002524934125e-05 -3.075256578839512950e-03 6.456671295566872824e-03 8.884570090767300848e-04 4.287147049330831136e-05 -7.014310173805731255e-03 -8.350775503646603269e-05 -5.692297705801844729e-03 -1.231487618045657394e-02 1.956157524816700983e-03
5.913387290461402702e-10 2.756828821144273913e-07 6.596202993093234613e-07 2.339894297792788475e-08 -3.241288469646641853e-08 -3.121815601642488747e-07 7.492505086152830178e-08 4.779495776995318631e-07 -9.621289364982482898e-07 -1.512355025034109888e-07 1.157416738760293435e-07 -2.260244347194787311e-07 1.209408198903076659e-03 1.056639767809354946e-04 4.287147049330831136e-05 9.984823612266982107e-05 1.873853053293068342e-06 -5.422827831496766017e-06 -3.094730684321481823e-04 -3.818241029186175391e-04 -3.837345667910049406e-05
-8.959583048966500454e-08 -1.711725286873899731e-03 -3.182908150606702591e-04 -8.326796991604925772e-06 5.467138161373444007e-05 -9.137847883279730547e-04 4.928470478236425073e-07 -9.808831303379694961e-05 9.092482650223396106e-05 2.370741992799158186e-05 2.117637419519070005e-06 -2.340818249545137148e-05 3.934587452140897446e-01 -1.268689794380387370e-01 -7.014310173805731255e-03 1.873853053293077871e-06 1.143061066577674839e-01 -9.299695608261124378e-04 -1.100500462477864566e-01 8.802783604992621413e-02 -2.598619741513097381e-02
-1.238457255527726296e-09 -1.006962458161190362e-05 -8.213079041088184465e-06 -1.671509777696051179e-07 1.606020519380430827e-06 -1.329744395356755912e-05 1.095581567416433042e-06 2.204941841067459720e-06 -1.434443087728888093e-05 -1.007219037296084719e-05 -4.486455152799761836e-06 -1.081654680632611390e-05 3.653597134272758978e-02 -2.332623404815383633e-02 -8.350775503646603269e-05 -5.422827831496766017e-06 -9.299695608261124378e-04 3.467491247560715913e-03 -1.159101244377774495e-02 5.595344888284776823e-03 -1.837809226711495424e-03
3.447089628590647998e-08 -1.022113036915011253e-03 -3.142765790953354842e-04 5.519745413320724950e-06 3.404568992556168509e-05 -7.981801080273925918e-04 9.303954317718015656e-05 1.421821903106363760e-03 -2.092850425371898127e-03 -5.435162306761178201e-04 4.873086347563250205e-04 2.601469364369419319e-04 -5.593231678040405441e+00 4.800049886328037752e-01 -5.692297705801844729e-03 -3.094730684321481281e-04 -1.100500462477864566e-01 -1.159101244377774495e-02 2.567670909580892058e+00 -5.268585761607075257e-01 -3.183184046953150270e-01
-2.547798251320377605e-06 -6.699551997405854553e-02 -9.418241119228181954e-03 -2.834983873013155594e-04 1.702212496931025448e-03 -3.457312663727014901e-02 -1.116923801480935499e-05 4.005385757066827175e-04 -1.278754925739176941e-04 1.676358939992178521e-04 8.647560745812817961e-05 3.085073846648643797e-04 -2.272591557012007879e+00 -5.562107055719339721e-01 -1.231487618045657394e-02 -3.818241029186175391e-04 8.802783604992621413e-02 5.595344888284778558e-03 -5.268585761607075257e-01 7.186172209830949065e+00 2.683548674661486722e-01
5.155226430429634354e-08 1.177520241217199686e-03 1.630670598566604293e-04 5.367790832022334008e-06 -5.378658232756856081e-05 6.447717543967186344e-04 3.287436739317370577e-06 -1.980081285707711142e-04 2.064804935980534776e-04 -1.586565813029554243e-05 -3.720340155362705624e-05 -5.078838136143762322e-05 4.929948728646149081e-01 -1.136088009866633927e-02 1.956157524816700983e-03 -3.837345667910049406e-05 -2.598619741513097381e-02 -1.837809226711495424e-03 -3.183184046953150270e-01 2.683548674661486722e-01 8.535535437617343402e-02
