# cosmomc_theta logA ns omegabh2 omegach2 tau A_planck cal100A cal100B cal143B cal217A cal217B AdustT beta_dustT AdustP beta_dustP
1.679072310025262768e-11 4.348062977340029530e-09 7.362576102369483703e-09 1.897620412211932476e-10 -2.026202165478136368e-09 3.861380597376337307e-10 -3.121368704305352661e-11 -4.825223877963561493e-09 -2.291594937185953917e-09 -7.437346875841184783e-09 -4.959078783206409872e-09 -2.215647939399417058e-09 -4.678441811151709029e-09 5.551242300718613841e-11 -5.465476524343716307e-09 1.042507026886780013e-10
4.348062977340029530e-09 7.775059874997125933e-04 1.113150163911605514e-04 1.663656742491507858e-06 -2.792595730854853312e-06 7.534141930374561034e-05 1.277090010558958051e-05 -2.864202439839679698e-04 -2.306691584344516442e-04 -5.481851832960531103e-04 -2.697012892614364843e-04 -2.645660081169964829e-04 2.054333427371368042e-04 1.841122381787117879e-06 2.252520431981496786e-04 -4.710254647735241483e-06
7.362576102369483703e-09 1.113150163911605514e-04 8.452697362205061364e-05 1.008603706343951349e-06 -7.078924810048256420e-06 1.206128181612862379e-05 8.521211350758580184e-07 -3.885380951261264575e-05 -4.000876909877327506e-05 -8.585550750106424138e-05 -4.387178763272497873e-05 -4.268948802845156461e-05 3.122750864584400855e-05 1.556103157577183584e-07 1.059804862586741393e-05 1.009764207836844171e-07
1.897620412211932476e-10 1.663656742491507858e-06 1.008603706343951349e-06 3.996025515107143010e-08 -1.233506454904121843e-07 1.714198332789807952e-07 6.246470338470030717e-09 -6.802359144963411996e-07 -4.193507622495211537e-07 -1.163293550588871330e-06 -6.609303139409926711e-07 -4.738087224547522448e-07 -4.413278459268047763e-07 2.582982813588445500e-08 -8.124558444706567912e-07 9.903756940897233038e-09
-2.026202165478136368e-09 -2.792595730854853312e-06 -7.078924810048256420e-06 -1.233506454904121843e-07 2.888578259576008007e-06 -1.200415960750500263e-06 -8.880580985201853347e-08 4.701234223921013795e-06 3.055481361157581005e-06 7.935838678125492395e-06 2.530512490568893955e-06 5.019352861556549522e-06 5.194642637123945243e-06 4.109318320753129578e-08 4.388862708105756573e-06 -2.356043433070134413e-07
3.861380597376337307e-10 7.534141930374561034e-05 1.206128181612862379e-05 1.714198332789807952e-07 -1.200415960750500263e-06 3.920424740175319030e-05 3.282796349541432491e-07 1.030235928479876979e-06 4.765156760856409160e-06 5.353736602718175185e-06 1.057108940571483005e-06 3.254187600904498231e-06 -5.524538974256423482e-06 3.369947805296757784e-07 -2.429555988828105159e-06 -9.346291003879891752e-07
-3.121368704305352661e-11 1.277090010558958051e-05 8.521211350758580184e-07 6.246470338470030717e-09 -8.880580985201853347e-08 3.282796349541432491e-07 6.145741675293464690e-06 -3.509158953137212109e-07 8.152257966099533204e-07 4.416013676491767109e-07 -6.892940527777119112e-07 1.412091464365707697e-06 5.110193073894815318e-06 -7.943416211962330047e-08 4.450105265559465161e-06 -2.427303872350509725e-08
-4.825223877963561493e-09 -2.864202439839679698e-04 -3.885380951261264575e-05 -6.802359144963411996e-07 4.701234223921013795e-06 1.030235928479876979e-06 -3.509158953137212109e-07 4.862201961623868339e-04 -1.782544714448110103e-04 2.837827465471801417e-04 1.372697929201111651e-04 1.349666008011693756e-04 -7.498348231890513522e-05 4.120879008463830994e-07 -5.535152796568804052e-05 -8.211863766393227797e-07
-2.291594937185953917e-09 -2.306691584344516442e-04 -4.000876909877327506e-05 -4.193507622495211537e-07 3.055481361157581005e-06 4.765156760856409160e-06 8.152257966099533204e-07 -1.782544714448110103e-04 3.916556872580878720e-04 2.452018520684309073e-04 1.107133190346477620e-04 1.279626548924698627e-04 -9.486577795043793602e-05 -1.145355731858803853e-06 -1.240100530193121667e-04 2.373828515157077848e-06
-7.437346875841184783e-09 -5.481851832960531103e-04 -8.585550750106424138e-05 -1.163293550588871330e-06 7.935838678125492395e-06 5.353736602718175185e-06 4.416013676491767109e-07 2.837827465471801417e-04 2.452018520684309073e-04 5.683025655387391245e-04 2.626589900441287425e-04 2.769736260385765756e-04 -1.769967735619498858e-04 -8.565725594348978088e-07 -1.943395989530546854e-04 2.146050182384731683e-06
-4.959078783206409872e-09 -2.697012892614364843e-04 -4.387178763272497873e-05 -6.609303139409926711e-07 2.530512490568893955e-06 1.057108940571483005e-06 -6.892940527777119112e-07 1.372697929201111651e-04 1.107133190346477620e-04 2.626589900441287425e-04 8.427052986340325584e-04 -5.747128017590666989e-04 -8.425049498439518873e-05 2.851627256079452667e-06 -8.282025277948675132e-05 1.417328333031045175e-06
-2.215647939399417058e-09 -2.645660081169964829e-04 -4.268948802845156461e-05 -4.738087224547522448e-07 5.019352861556549522e-06 3.254187600904498231e-06 1.412091464365707697e-06 1.349666008011693756e-04 1.279626548924698627e-04 2.769736260385765756e-04 -5.747128017590666989e-04 8.625458738872565471e-04 -8.847835416115019740e-05 -3.009410708450072465e-06 -9.690837722745828298e-05 7.512093746514455425e-07
-4.678441811151709029e-09 2.054333427371368042e-04 3.122750864584400855e-05 -4.413278459268047763e-07 5.194642637123945243e-06 -5.524538974256423482e-06 5.110193073894815318e-06 -7.498348231890513522e-05 -9.486577795043793602e-05 -1.769967735619498858e-04 -8.425049498439518873e-05 -8.847835416115019740e-05 6.159310586356082050e-03 3.956836836118453499e-06 -3.071337162724507852e-03 1.691366248888623091e-05
5.551242300718613841e-11 1.841122381787117879e-06 1.556103157577183584e-07 2.582982813588445500e-08 4.109318320753129578e-08 3.369947805296757784e-07 -7.943416211962330047e-08 4.120879008463830994e-07 -1.145355731858803853e-06 -8.565725594348978088e-07 2.851627256079452667e-06 -3.009410708450072465e-06 3.956836836118453499e-06 9.911278664777428671e-05 1.990244491570279065e-05 3.403054731646639171e-08
-5.465476524343716307e-09 2.252520431981496786e-04 1.059804862586741393e-05 -8.124558444706567912e-07 4.388862708105756573e-06 -2.429555988828105159e-06 4.450105265559465161e-06 -5.535152796568804052e-05 -1.240100530193121667e-04 -1.943395989530546854e-04 -8.282025277948675132e-05 -9.690837722745828298e-05 -3.071337162724507852e-03 1.990244491570279065e-05 6.135359614244799940e-03 1.971748248647781456e-05
1.042507026886780013e-10 -4.710254647735241483e-06 1.009764207836844171e-07 9.903756940897233038e-09 -2.356043433070134413e-07 -9.346291003879891752e-07 -2.427303872350509725e-08 -8.211863766393227797e-07 2.373828515157077848e-06 2.146050182384731683e-06 1.417328333031045175e-06 7.512093746514455425e-07 1.691366248888623091e-05 3.403054731646639171e-08 1.971748248647781456e-05 9.834172143199472265e-05
